api_key: 1234
lat: 46.946435
lon: 7.4431257
units: metric
time_format: 24h
screensaver: 40
